   1            "b"    4   23.031517   7.000489  17.036520
   2            "d"    8   18.992920  39.018513  69.649033
   3            "g"    4   42.995163  21.919216  17.081867
   4            "l"   16   58.033401  64.446037 122.273117
   5            "m"   16   58.134510  92.889435  72.640427
   6            "n"   16   84.316582 137.123352 106.632172
   7            "p"    8   23.996164  23.093454 208.369751
   8            "s"    8   56.536964  29.094389  44.715122
   9            "t"   16   99.547005  40.043182  56.338284
  10            "w"    4   19.006315  15.004300  20.275211
  11           "ah"   52  183.509750 254.556107 847.364441
  12           "hh"    4   11.001575  10.005275  12.980547
  13           "ih"    8   28.964033  19.097399  38.063019
  14           "iy"    4   20.727243  26.215181  26.010363
  15           "jh"    4   24.997389   8.000287  15.178835
  16           "ow"    4    7.991157  11.006358  48.055710
  17           "uh"   16   27.006828  22.050615  36.794456
  18          "sil"    8   16.992628  26.005280  12.932016
