~o
<STREAMINFO> 1 39
<VECSIZE> 39<NULLD><MFCC_D_A_0><DIAGC>
~h "proto"
<BEGINHMM>
<NUMSTATES> 5
<STATE> 2
<MEAN> 39
 -1.250339e+001 2.913872e+000 -9.898548e-001 5.102881e+000 3.220543e+000 -2.779773e-001 3.150854e+000 5.337303e+000 3.704810e+000 1.394873e+000 3.916599e+000 2.251170e+000 6.326388e+001 -7.460064e-004 -1.370575e-004 4.217381e-004 -3.246881e-004 1.042608e-003 1.112454e-003 1.409131e-003 1.650585e-003 -9.838804e-004 2.452780e-003 3.049016e-003 2.460802e-003 -5.194396e-004 2.452690e-004 -8.780354e-005 -2.863595e-004 -1.610064e-004 -4.333635e-004 -1.372012e-004 3.906052e-004 9.095619e-005 4.502791e-005 -5.384606e-004 -7.405099e-004 -1.406975e-004 1.252115e-004
<VARIANCE> 39
 8.580048e+001 2.257740e+001 3.644572e+001 3.284849e+001 4.230026e+001 8.797819e+001 4.273669e+001 3.434465e+001 3.883818e+001 5.359867e+001 2.501958e+001 2.713645e+001 6.058203e+001 2.321230e+000 1.536878e+000 1.774549e+000 1.485875e+000 1.614652e+000 2.897446e+000 1.985241e+000 1.955797e+000 2.023090e+000 2.357655e+000 1.644917e+000 1.569868e+000 1.648002e+000 2.688876e-001 2.553294e-001 2.551755e-001 2.275859e-001 2.479310e-001 4.268500e-001 3.294549e-001 3.414667e-001 3.486287e-001 3.772162e-001 2.877987e-001 2.676993e-001 1.951473e-001
<GCONST> 1.120826e+002
<STATE> 3
<MEAN> 39
 -1.250339e+001 2.913872e+000 -9.898548e-001 5.102881e+000 3.220543e+000 -2.779773e-001 3.150854e+000 5.337303e+000 3.704810e+000 1.394873e+000 3.916599e+000 2.251170e+000 6.326388e+001 -7.460064e-004 -1.370575e-004 4.217381e-004 -3.246881e-004 1.042608e-003 1.112454e-003 1.409131e-003 1.650585e-003 -9.838804e-004 2.452780e-003 3.049016e-003 2.460802e-003 -5.194396e-004 2.452690e-004 -8.780354e-005 -2.863595e-004 -1.610064e-004 -4.333635e-004 -1.372012e-004 3.906052e-004 9.095619e-005 4.502791e-005 -5.384606e-004 -7.405099e-004 -1.406975e-004 1.252115e-004
<VARIANCE> 39
 8.580048e+001 2.257740e+001 3.644572e+001 3.284849e+001 4.230026e+001 8.797819e+001 4.273669e+001 3.434465e+001 3.883818e+001 5.359867e+001 2.501958e+001 2.713645e+001 6.058203e+001 2.321230e+000 1.536878e+000 1.774549e+000 1.485875e+000 1.614652e+000 2.897446e+000 1.985241e+000 1.955797e+000 2.023090e+000 2.357655e+000 1.644917e+000 1.569868e+000 1.648002e+000 2.688876e-001 2.553294e-001 2.551755e-001 2.275859e-001 2.479310e-001 4.268500e-001 3.294549e-001 3.414667e-001 3.486287e-001 3.772162e-001 2.877987e-001 2.676993e-001 1.951473e-001
<GCONST> 1.120826e+002
<STATE> 4
<MEAN> 39
 -1.250339e+001 2.913872e+000 -9.898548e-001 5.102881e+000 3.220543e+000 -2.779773e-001 3.150854e+000 5.337303e+000 3.704810e+000 1.394873e+000 3.916599e+000 2.251170e+000 6.326388e+001 -7.460064e-004 -1.370575e-004 4.217381e-004 -3.246881e-004 1.042608e-003 1.112454e-003 1.409131e-003 1.650585e-003 -9.838804e-004 2.452780e-003 3.049016e-003 2.460802e-003 -5.194396e-004 2.452690e-004 -8.780354e-005 -2.863595e-004 -1.610064e-004 -4.333635e-004 -1.372012e-004 3.906052e-004 9.095619e-005 4.502791e-005 -5.384606e-004 -7.405099e-004 -1.406975e-004 1.252115e-004
<VARIANCE> 39
 8.580048e+001 2.257740e+001 3.644572e+001 3.284849e+001 4.230026e+001 8.797819e+001 4.273669e+001 3.434465e+001 3.883818e+001 5.359867e+001 2.501958e+001 2.713645e+001 6.058203e+001 2.321230e+000 1.536878e+000 1.774549e+000 1.485875e+000 1.614652e+000 2.897446e+000 1.985241e+000 1.955797e+000 2.023090e+000 2.357655e+000 1.644917e+000 1.569868e+000 1.648002e+000 2.688876e-001 2.553294e-001 2.551755e-001 2.275859e-001 2.479310e-001 4.268500e-001 3.294549e-001 3.414667e-001 3.486287e-001 3.772162e-001 2.877987e-001 2.676993e-001 1.951473e-001
<GCONST> 1.120826e+002
<TRANSP> 5
 0.000000e+000 1.000000e+000 0.000000e+000 0.000000e+000 0.000000e+000
 0.000000e+000 6.000000e-001 4.000000e-001 0.000000e+000 0.000000e+000
 0.000000e+000 0.000000e+000 6.000000e-001 4.000000e-001 0.000000e+000
 0.000000e+000 0.000000e+000 0.000000e+000 7.000000e-001 3.000000e-001
 0.000000e+000 0.000000e+000 0.000000e+000 0.000000e+000 0.000000e+000
<ENDHMM>
